42421837,11998841138,9.100161029109327E-4
11998841138,42421837,9.100161029109327E-4
11998841138,11998841137,0.0017424400021095667
11998841137,11998841138,0.0017424400021095667
11998841137,13191848971,0.04020331848782003
13191848971,11998841137,0.04020331848782003
13191848971,8309479433,0.002164308484799947
8309479433,13191848971,0.002164308484799947
8309479433,42421833,0.0049326255699099295
42421833,8309479433,0.0049326255699099295
42421833,10837667706,0.012533674678357984
10837667706,42421833,0.012533674678357984
10837667706,7041111901,0.025272178868056477
7041111901,10837667706,0.025272178868056477
7041111901,8309479447,0.0032084516439674316
8309479447,7041111901,0.0032084516439674316
8309479447,42421828,0.005282657759590287
42421828,8309479447,0.005282657759590287
42421877,8265964345,0.0053721277835387425
8265964345,42421877,0.0053721277835387425
8265964345,9512766062,0.1605946199894843
9512766062,8265964345,0.1605946199894843
42421974,9904544291,0.00762352187627186
9904544291,42421974,0.00762352187627186
9904544291,7551756705,0.012627366315303397
7551756705,9904544291,0.012627366315303397
7551756705,7551756698,0.00403841198358393
7551756698,7551756705,0.00403841198358393
7551756698,7551756700,0.0038880866854292817
7551756700,7551756698,0.0038880866854292817
7551756700,7551756702,0.005842352834975813
7551756702,7551756700,0.005842352834975813
7551756702,11107632623,0.025822981569704598
11107632623,7551756702,0.025822981569704598
2974462027,6791166002,0.00812067724198649
6791166002,2974462027,0.00812067724198649
42423836,10169614496,0.00475620482986922
10169614496,42423836,0.00475620482986922
10169614496,8288270552,0.041044344245053904
8288270552,10169614496,0.041044344245053904
8288270552,42446506,0.0038784487408416264
42446506,8288270552,0.0038784487408416264
3788364714,3788364713,0.005120422222201564
3788364713,3788364714,0.005120422222201564
3788364713,3788364712,0.006179196688362779
3788364712,3788364713,0.006179196688362779
3788364712,42426077,0.0028462856242498745
42426077,3788364712,0.0028462856242498745
42426077,42426071,0.003498670380763994
42426071,42426077,0.003498670380763994
42426071,3788364711,0.003347232374485234
3788364711,42426071,0.003347232374485234
3788364711,42426060,0.003916269990734956
42426060,3788364711,0.003916269990734956
42426418,3785703010,0.003972673878806808
3785703010,42426418,0.003972673878806808
3785703010,3785703009,0.003555197975903645
3785703009,3785703010,0.003555197975903645
3785703009,3569568707,0.00233276453848056
3569568707,3785703009,0.00233276453848056
3569568707,3785702998,0.005042051662032629
3785702998,3569568707,0.005042051662032629
42427764,3976008173,0.02966399008604974
3976008173,42427764,0.02966399008604974
3976008173,42427762,0.007611469325074314
42427762,3976008173,0.007611469325074314
42427786,10167162605,0.007186616598557901
10167162605,42427786,0.007186616598557901
10167162605,5481897724,0.039904223657806506
5481897724,10167162605,0.039904223657806506
5481897724,9198484654,0.05161234737960271
9198484654,5481897724,0.05161234737960271
9198484654,42427787,0.007098152407936578
42427787,9198484654,0.007098152407936578
42427787,9198484652,0.004950374202588
9198484652,42427787,0.004950374202588
9198484652,10168911554,0.07446391803054306
10168911554,9198484652,0.07446391803054306
10168911554,42427797,0.008000081285310599
42427797,10168911554,0.008000081285310599
42424672,4918486763,0.004509338977035329
4918486763,42424672,0.004509338977035329
4918486763,4798293323,0.018384425865793988
4798293323,4918486763,0.018384425865793988
4798293323,4918486955,0.021216792401888975
4918486955,4798293323,0.021216792401888975
4918486955,42427965,0.004515355147271863
42427965,4918486955,0.004515355147271863
42428436,8231922365,0.004767849093623708
8231922365,42428436,0.004767849093623708
8231922365,4754117950,0.020820144370168967
4754117950,8231922365,0.020820144370168967
4754117950,8307641794,0.04564978309996798
8307641794,4754117950,0.04564978309996798
8307641794,42428434,0.0032645289776711307
42428434,8307641794,0.0032645289776711307
42429373,10198867146,0.007309446418995932
10198867146,42429373,0.007309446418995932
10198867146,11591890889,0.17823007290871523
11591890889,10198867146,0.17823007290871523
11591890889,42429374,0.007431065311934012
42429374,11591890889,0.007431065311934012
42429374,11591890888,0.0082901916235628
11591890888,42429374,0.0082901916235628
11591890888,8310246325,0.15511492000373742
8310246325,11591890888,0.15511492000373742
8310246325,42429375,0.0063009265956957055
42429375,8310246325,0.0063009265956957055
42429375,8310246328,0.008215221609550433
8310246328,42429375,0.008215221609550433
8310246328,11728146526,0.08918512662693548
11728146526,8310246328,0.08918512662693548
6211332483,42429388,0.007087637227916417
42429388,6211332483,0.007087637227916417
373903786,11027912164,0.010304112123116157
11027912164,373903786,0.010304112123116157
42429690,6747157053,0.008370100626673736
6747157053,42429690,0.008370100626673736
6747157053,8393918884,0.04559258059139046
8393918884,6747157053,0.04559258059139046
8393918884,7097336611,0.03302138797129885
7097336611,8393918884,0.03302138797129885
7097336611,10122943663,0.03779858945477126
10122943663,7097336611,0.03779858945477126
10122943663,8851344399,0.0023401479590484074
8851344399,10122943663,0.0023401479590484074
8851344399,42429693,0.006668423561138635
42429693,8851344399,0.006668423561138635
42429693,8851344397,0.007589627683052461
8851344397,42429693,0.007589627683052461
8851344397,6670244849,0.12707367649750645
6670244849,8851344397,0.12707367649750645
6670244849,42429694,0.008962718317868337
42429694,6670244849,0.008962718317868337
42429701,6213204069,0.0018389604924329568
6213204069,42429701,0.0018389604924329568
6213204069,8429015937,0.0011297485956452695
8429015937,6213204069,0.0011297485956452695
8429015937,4375703339,0.09642118734433441
4375703339,8429015937,0.09642118734433441
4375703339,4320105473,2.4655926579000734E-4
4320105473,4375703339,2.4655926579000734E-4
4320105473,42429700,0.0046468859395475065
42429700,4320105473,0.0046468859395475065
42429874,3009534472,0.006440196975586133
3009534472,42429874,0.006440196975586133
3009534472,4276517132,0.08304355474069136
4276517132,3009534472,0.08304355474069136
4276517132,42429876,0.006448207606620335
42429876,4276517132,0.006448207606620335
42427970,4918486968,0.0072918667350459
4918486968,42427970,0.0072918667350459
4918486968,4918486093,0.11902621749074419
4918486093,4918486968,0.11902621749074419
4918486093,42429986,0.007062745253751789
42429986,4918486093,0.007062745253751789
1773076511,42429752,0.006846305656771756
42429752,1773076511,0.006846305656771756
42429752,5296795596,0.0050968618626327355
5296795596,42429752,0.0050968618626327355
5296795596,8821681996,0.0036228966888251952
8821681996,5296795596,0.0036228966888251952
8821681996,8231909737,0.03670421559428118
8231909737,8821681996,0.03670421559428118
8231909737,42430030,0.003526648808870111
42430030,8231909737,0.003526648808870111
42430030,8231909740,0.0035259992463513657
8231909740,42430030,0.0035259992463513657
8231909740,8231927620,0.03789084696288773
8231927620,8231909740,0.03789084696288773
8231927620,42430034,0.00351623931818274
42430034,8231927620,0.00351623931818274
42430034,8231927623,0.004205521650372992
8231927623,42430034,0.004205521650372992
8231927623,8231927624,0.039216654134412124
8231927624,8231927623,0.039216654134412124
8231927624,42430038,0.0038231600719577158
42430038,8231927624,0.0038231600719577158
42430038,8231927627,0.004161613265821884
8231927627,42430038,0.004161613265821884
8231927627,12187436351,0.03607367816937135
12187436351,8231927627,0.03607367816937135
12187436351,8307642228,0.003353418385594514
8307642228,12187436351,0.003353418385594514
8307642228,42430041,0.003745815644868633
42430041,8307642228,0.003745815644868633
589298326,13701288022,0.048236215382600874
13701288022,589298326,0.048236215382600874
13701288022,6689923818,0.083922366441284
6689923818,13701288022,0.083922366441284
6689923818,42428013,0.008224979624754991
42428013,6689923818,0.008224979624754991
13082559909,4321677347,0.014699989010412447
4321677347,13082559909,0.014699989010412447
4321677347,8821481440,0.018122947000026667
8821481440,4321677347,0.018122947000026667
8821481440,42430470,0.003289597814979187
42430470,8821481440,0.003289597814979187
42430470,42430468,0.004831647760559095
42430468,42430470,0.004831647760559095
9143569913,9143569907,0.02312645267404939
9143569907,9143569913,0.02312645267404939
9143569907,12161232228,0.001643336316834855
12161232228,9143569907,0.001643336316834855
12161232228,3914863394,0.002180664853383456
3914863394,12161232228,0.002180664853383456
3914863394,42430589,0.008305459047666332
42430589,3914863394,0.008305459047666332
11062719791,5554351996,0.04440078310439873
5554351996,11062719791,0.04440078310439873
5554351996,42430824,0.00531002513806528
42430824,5554351996,0.00531002513806528
42430857,8309479724,0.007786196149238656
8309479724,42430857,0.007786196149238656
8309479724,12179524679,0.08465541653764068
12179524679,8309479724,0.08465541653764068
12179524679,11070155328,0.004277849853605229
11070155328,12179524679,0.004277849853605229
11070155328,42430861,0.00500735252017691
42430861,11070155328,0.00500735252017691
42430861,11070155329,0.005451288494100532
11070155329,42430861,0.005451288494100532
11070155329,12179524683,0.12440996065996898
12179524683,11070155329,0.12440996065996898
12179524683,12179524684,0.0022352276283066934
12179524684,12179524683,0.0022352276283066934
12179524684,11608923664,0.0022352280309172515
11608923664,12179524684,0.0022352280309172515
11608923664,42428480,0.006517300753223097
42428480,11608923664,0.006517300753223097
42428480,11608923663,0.006438981075929597
11608923663,42428480,0.006438981075929597
11608923663,4500033348,0.015840263413262813
4500033348,11608923663,0.015840263413262813
4500033348,4500033344,0.020634465151451092
4500033344,4500033348,0.020634465151451092
4500033344,12179524689,0.00927619569120758
12179524689,4500033344,0.00927619569120758
12179524689,4234578192,0.003262826103105955
4234578192,12179524689,0.003262826103105955
4234578192,42430872,0.009098685504378761
42430872,4234578192,0.009098685504378761
42430872,8309479625,0.008168525288351903
8309479625,42430872,0.008168525288351903
8309479625,12179524694,0.05982398674983907
12179524694,8309479625,0.05982398674983907
12179524694,8309479617,0.004220676024855278
8309479617,12179524694,0.004220676024855278
8309479617,42430886,0.0073919330735915155
42430886,8309479617,0.0073919330735915155
42430886,8309479614,0.008615449300816846
8309479614,42430886,0.008615449300816846
8309479614,3892037906,0.08357366818724532
3892037906,8309479614,0.08357366818724532
3892037906,12179524697,0.030091195249167965
12179524697,3892037906,0.030091195249167965
12179524697,12179524698,0.002144446386012296
12179524698,12179524697,0.002144446386012296
12179524698,4236104521,0.003221273507628516
4236104521,12179524698,0.003221273507628516
4236104521,42430898,0.007056288022202535
42430898,4236104521,0.007056288022202535
42430749,11608958692,0.005022824853094073
11608958692,42430749,0.005022824853094073
11608958692,595269619,0.023612436773104335
595269619,11608958692,0.023612436773104335
42431156,4872626650,0.006202794541607444
4872626650,42431156,0.006202794541607444
4872626650,10168276347,0.007545655711270114
10168276347,4872626650,0.007545655711270114
10168276347,11926998356,0.030111275321261753
11926998356,10168276347,0.030111275321261753
5481937333,12187431466,0.01900811394421591
12187431466,5481937333,0.01900811394421591
12187431466,12187431467,0.002105217811062934
12187431467,12187431466,0.002105217811062934
12187431467,8309479050,0.003193592547939072
8309479050,12187431467,0.003193592547939072
8309479050,42431165,0.005362204720575641
42431165,8309479050,0.005362204720575641
42431165,8309479053,0.007575254519118717
8309479053,42431165,0.007575254519118717
8309479053,42429676,0.027893625657966624
42429676,8309479053,0.027893625657966624
42429676,5824300190,0.02904317068707246
5824300190,42429676,0.02904317068707246
5824300190,42428458,0.005339606433704075
42428458,5824300190,0.005339606433704075
42430796,8307641977,0.010724214663102465
8307641977,42430796,0.010724214663102465
8307641977,8429014581,0.051549963610885416
8429014581,8307641977,0.051549963610885416
8429014581,42431273,0.0024876895901838397
42431273,8429014581,0.0024876895901838397
42431273,8429014584,0.002743618538552666
8429014584,42431273,0.002743618538552666
8429014584,42431274,0.03101252612642662
42431274,8429014584,0.03101252612642662
42431274,4816151666,0.01119337981856126
4816151666,42431274,0.01119337981856126
4816151666,4816151671,0.002264261801584142
4816151671,4816151666,0.002264261801584142
4816151671,4816151669,0.0016951642239443829
4816151669,4816151671,0.0016951642239443829
4816151669,4816151670,0.0016857702184250502
4816151670,4816151669,0.0016857702184250502
4816151670,4816151668,0.002288294480224508
4816151668,4816151670,0.002288294480224508
4816151668,9627010523,0.005986325545340391
9627010523,4816151668,0.005986325545340391
9627010523,4816151667,0.002217695309420585
4816151667,9627010523,0.002217695309420585
4816151667,42431275,0.007804562704037886
42431275,4816151667,0.007804562704037886
42431491,10174523977,0.0010840874644076454
10174523977,42431491,0.0010840874644076454
10174523977,10174523976,0.0013214726003029208
10174523976,10174523977,0.0013214726003029208
10174523976,5148103557,0.002067383397718039
5148103557,10174523976,0.002067383397718039
5148103557,13915562828,0.041242175873044275
13915562828,5148103557,0.041242175873044275
13915562828,8429175909,0.060808606645618005
8429175909,13915562828,0.060808606645618005
8429175909,42431490,0.007084855298874928
42431490,8429175909,0.007084855298874928
42431508,8307642206,0.005434166542642012
8307642206,42431508,0.005434166542642012
8307642206,12162436991,0.0731779104247043
12162436991,8307642206,0.0731779104247043
12162436991,8307642213,0.003114958282684402
8307642213,12162436991,0.003114958282684402
8307642213,42431505,0.005334698045750648
42431505,8307642213,0.005334698045750648
42431505,11159805947,0.003497127872782424
11159805947,42431505,0.003497127872782424
11159805947,9802967325,0.0010993943422227816
9802967325,11159805947,0.0010993943422227816
42431649,7797632754,0.005864193547955995
7797632754,42431649,0.005864193547955995
7797632754,2792783187,0.08241526759262963
2792783187,7797632754,0.08241526759262963
2792783187,10171134792,7.246419323664055E-4
10171134792,2792783187,7.246419323664055E-4
10171134792,42431650,0.006892639406765361
42431650,10171134792,0.006892639406765361
42431650,2792783185,0.005594632684902597
2792783185,42431650,0.005594632684902597
2792783185,10171134790,7.883905531463697E-4
10171134790,2792783185,7.883905531463697E-4
10171134790,12834723205,0.07427893991062823
12834723205,10171134790,0.07427893991062823
12834723205,10125227983,0.0035415291770717412
10125227983,12834723205,0.0035415291770717412
10125227983,596775963,0.00618423869332715
596775963,10125227983,0.00618423869332715
596775963,42431652,0.010808778135176922
42431652,596775963,0.010808778135176922
42431652,10125227986,0.0071690366779701455
10125227986,42431652,0.0071690366779701455
10125227986,10125147525,0.07809391178619493
10125147525,10125227986,0.07809391178619493
10125147525,42431654,0.006609421668985048
42431654,10125147525,0.006609421668985048
42431654,10125147524,0.005840300671103512
10125147524,42431654,0.005840300671103512
10125147524,10166238433,0.08174538532622513
10166238433,10125147524,0.08174538532622513
10166238433,42431656,0.0085148197717826
42431656,10166238433,0.0085148197717826
42431656,10166238432,0.007761160023541453
10166238432,42431656,0.007761160023541453
10166238432,8851344396,0.11873829803806125
8851344396,10166238432,0.11873829803806125
8851344396,42431659,0.007557271304188309
42431659,8851344396,0.007557271304188309
42431671,7797632771,0.005960703320898845
7797632771,42431671,0.005960703320898845
7797632771,10170844866,0.08358917708756895
10170844866,7797632771,0.08358917708756895
10170844866,42431674,0.006334961036602525
42431674,10170844866,0.006334961036602525
42432054,3316523989,0.004412804821112119
3316523989,42432054,0.004412804821112119
3316523989,4625620217,0.04000918779645494
4625620217,3316523989,0.04000918779645494
4625620217,42429647,0.003606025782324007
42429647,4625620217,0.003606025782324007
42432082,1773082408,0.007053599298044512
1773082408,42432082,0.007053599298044512
42432184,1773069828,0.009435540776793606
1773069828,42432184,0.009435540776793606
1773069828,8231909733,0.0405059436320229
8231909733,1773069828,0.0405059436320229
8231909733,42432181,0.0036369487151333333
42432181,8231909733,0.0036369487151333333
42432181,8231909736,0.00435535908659088
8231909736,42432181,0.00435535908659088
8231909736,8231927630,0.0378099069153323
8231927630,8231909736,0.0378099069153323
8231927630,42432178,0.003484275710714544
42432178,8231927630,0.003484275710714544
42432178,8231927633,0.004130983283416401
8231927633,42432178,0.004130983283416401
8231927633,12187433920,0.03731575266438676
12187433920,8231927633,0.03731575266438676
12187433920,8231927635,0.0027302405447079663
8231927635,12187433920,0.0027302405447079663
8231927635,42432174,0.0037821894668558895
42432174,8231927635,0.0037821894668558895
42432191,5690441975,0.004477845908671176
5690441975,42432191,0.004477845908671176
5690441975,12179564372,0.003494950452174883
12179564372,5690441975,0.003494950452174883
12179564372,4320194276,0.010686406419270766
4320194276,12179564372,0.010686406419270766
4320194276,42430237,0.011092256460545763
42430237,4320194276,0.011092256460545763
1692433911,10171486357,0.0045620040633838
10171486357,1692433911,0.0045620040633838
10171486357,5829779506,0.0547351984820012
5829779506,10171486357,0.0547351984820012
5829779506,42432308,0.0054626030165247285
42432308,5829779506,0.0054626030165247285
42432308,1918039901,0.00996223783483563
1918039901,42432308,0.00996223783483563
1918039901,5829779507,0.005720111049053471
5829779507,1918039901,0.005720111049053471
5829779507,3463814538,0.10617797071394629
3463814538,5829779507,0.10617797071394629
3463814538,42432305,0.0039717057168434395
42432305,3463814538,0.0039717057168434395
42432305,3463814535,0.00379768063973724
3463814535,42432305,0.00379768063973724
3463814535,4501924445,0.048701036561500766
4501924445,3463814535,0.048701036561500766
4501924445,8231927617,0.04543594052988936
8231927617,4501924445,0.04543594052988936
8231927617,42432302,0.003796448068681748
42432302,8231927617,0.003796448068681748
42432302,8231927618,0.003651164494420131
8231927618,42432302,0.003651164494420131
8231927618,8231927621,0.04256618689488219
8231927621,8231927618,0.04256618689488219
8231927621,42430034,0.006350513246853966
42430034,8231927621,0.006350513246853966
42430034,8231927622,0.005828762785178185
8231927622,42430034,0.005828762785178185
8231927622,8231927631,0.04058100469797373
8231927631,8231927622,0.04058100469797373
8231927631,42432178,0.005106326216229191
42432178,8231927631,0.005106326216229191
42432178,8231927632,0.004723952465238357
8231927632,42432178,0.004723952465238357
8231927632,7641718046,0.07145473738246833
7641718046,8231927632,0.07145473738246833
7641718046,42432282,0.004545012748783876
42432282,7641718046,0.004545012748783876
42432282,7641718037,0.005195238817073276
7641718037,42432282,0.005195238817073276
7641718037,42432265,0.021756871821578077
42432265,7641718037,0.021756871821578077
42432265,42432260,0.020282959434591165
42432260,42432265,0.020282959434591165
42432260,42432255,0.02144094106031071
42432255,42432260,0.02144094106031071
42432255,9929761167,0.016090628523282968
9929761167,42432255,0.016090628523282968
9929761167,8307641593,5.683024336722769E-4
8307641593,9929761167,5.683024336722769E-4
8307641593,42432250,0.0030012233690324373
42432250,8307641593,0.0030012233690324373
42432250,9929761172,0.003942847282651635
9929761172,42432250,0.003942847282651635
9929761172,7641718017,3.46372757184167E-4
7641718017,9929761172,3.46372757184167E-4
7641718017,13233178428,0.020813465035246344
13233178428,7641718017,0.020813465035246344
13233178428,8307641547,0.04773364000691857
8307641547,13233178428,0.04773364000691857
8307641547,42432246,0.007434145165654046
42432246,8307641547,0.007434145165654046
42432444,10168841817,0.00636009341156964
10168841817,42432444,0.00636009341156964
10168841817,1731564119,0.057731735503586366
1731564119,10168841817,0.057731735503586366
1731564119,12187391606,0.019998586115609757
12187391606,1731564119,0.019998586115609757
42432556,7784867887,0.006920013708354621
7784867887,42432556,0.006920013708354621
7784867887,3269834162,0.04121744697138515
3269834162,7784867887,0.04121744697138515
3269834162,8984859290,0.11329501579354727
8984859290,3269834162,0.11329501579354727
8984859290,9674460649,0.0031156524851211225
9674460649,8984859290,0.0031156524851211225
9674460649,42432558,0.0055317636950637595
42432558,9674460649,0.0055317636950637595
42432580,3955372901,0.007959141693093879
3955372901,42432580,0.007959141693093879
3955372901,4782506033,0.015350807472173258
4782506033,3955372901,0.015350807472173258
4782506033,805764932,0.023654572115646366
805764932,4782506033,0.023654572115646366
805764932,10693951249,0.020508893366045215
10693951249,805764932,0.020508893366045215
10693951249,11304895434,0.00302300800133982
11304895434,10693951249,0.00302300800133982
11304895434,4799735130,0.006369729141075615
4799735130,11304895434,0.006369729141075615
4799735130,11304895437,0.0033426453118191274
11304895437,4799735130,0.0033426453118191274
11304895437,3855009864,0.0031649403702146777
3855009864,11304895437,0.0031649403702146777
3855009864,3971196621,0.10181792672921518
3971196621,3855009864,0.10181792672921518
3971196621,42430356,0.007939757436881337
42430356,3971196621,0.007939757436881337
9753722444,2176936521,0.10176974054067324
2176936521,9753722444,0.10176974054067324
2176936521,9753722445,0.035615942208735915
9753722445,2176936521,0.035615942208735915
42432818,9971383724,0.007483413307023697
9971383724,42432818,0.007483413307023697
9971383724,9960054857,0.042528601752919344
9960054857,9971383724,0.042528601752919344
42433260,8429015928,0.005993473319812694
8429015928,42433260,0.005993473319812694
8429015928,11987722732,0.016531276220397174
11987722732,8429015928,0.016531276220397174
11987722732,4320028823,0.0030040145678413357
4320028823,11987722732,0.0030040145678413357
4320028823,42433261,0.0031718084435750854
42433261,4320028823,0.0031718084435750854
42433281,5690447869,0.0037164756090399555
5690447869,42433281,0.0037164756090399555
5690447869,7646537226,0.07896075249906973
7646537226,5690447869,0.07896075249906973
7646537226,42430235,0.00774914243999467
42430235,7646537226,0.00774914243999467
42430235,8231954053,0.007805669232192721
8231954053,42430235,0.007805669232192721
8231954053,42433282,0.03225568496821554
42433282,8231954053,0.03225568496821554
42433282,42433260,0.02466600245947907
42433260,42433282,0.02466600245947907
42433260,4320028844,0.02920931297852594
4320028844,42433260,0.02920931297852594
4320028844,42433286,0.0032469118987303426
42433286,4320028844,0.0032469118987303426
42433298,3584752276,0.005294579214362733
3584752276,42433298,0.005294579214362733
3584752276,13507209416,0.03402791974378395
13507209416,3584752276,0.03402791974378395
13507209416,8309478888,0.003848582585365211
8309478888,13507209416,0.003848582585365211
8309478888,42433295,0.002938000986544675
42433295,8309478888,0.002938000986544675
42433295,8309478886,0.0037850349120071925
8309478886,42433295,0.0037850349120071925
8309478886,8309479178,0.040957373803991746
8309479178,8309478886,0.040957373803991746
8309479178,42433292,0.003088085771340552
42433292,8309479178,0.003088085771340552
9800536167,5784502858,0.051806914644975666
5784502858,9800536167,0.051806914644975666
8231934410,42433578,0.0037492845117701565
42433578,8231934410,0.0037492845117701565
42433578,8231934411,0.0034924739215234117
8231934411,42433578,0.0034924739215234117
8231934411,8231885405,0.0922400034446518
8231885405,8231934411,0.0922400034446518
8231885405,42433577,0.00399426504935395
42433577,8231885405,0.00399426504935395
42433577,8231885406,0.0035875584092474656
8231885406,42433577,0.0035875584092474656
8231885406,12187433933,0.09035821258674805
12187433933,8231885406,0.09035821258674805
12187433933,8231922389,0.0019205650206205278
8231922389,12187433933,0.0019205650206205278
42433625,8288270382,0.007813648307648387
8288270382,42433625,0.007813648307648387
8288270382,9664959634,0.13371207323988685
9664959634,8288270382,0.13371207323988685
42433822,4320028827,0.004824444506427578
4320028827,42433822,0.004824444506427578
4320028827,42433821,0.045192373253460365
42433821,4320028827,0.045192373253460365
42434072,3944708043,0.007107641386283767
3944708043,42434072,0.007107641386283767
3944708043,13718155147,0.027162888858450453
13718155147,3944708043,0.027162888858450453
13718155147,13718155150,0.0027043384914098435
13718155150,13718155147,0.0027043384914098435
13718155150,13718155144,0.002889040332951996
13718155144,13718155150,0.002889040332951996
13718155144,3944708040,0.049863329246166634
3944708040,13718155144,0.049863329246166634
3944708040,42434074,0.006820968142693826
42434074,3944708040,0.006820968142693826
42434140,3919359298,0.008701262984156874
3919359298,42434140,0.008701262984156874
3919359298,4235738201,0.11842863935485463
4235738201,3919359298,0.11842863935485463
4235738201,42434142,0.007801234276412137
42434142,4235738201,0.007801234276412137
42430394,7830685375,0.007151049733001413
7830685375,42430394,0.007151049733001413
7830685375,11359523994,0.13755738635066828
11359523994,7830685375,0.13755738635066828
11359523994,4347534780,0.003921154961531025
4347534780,11359523994,0.003921154961531025
4347534780,11359523997,0.0039046924144999287
11359523997,4347534780,0.0039046924144999287
11359523997,4347534767,0.003098727645244282
4347534767,11359523997,0.003098727645244282
42434352,8310246183,0.007306717533848787
8310246183,42434352,0.007306717533848787
8310246183,12183283842,0.00450965641791841
12183283842,8310246183,0.00450965641791841
12183283842,12183283840,0.034753650659883506
12183283840,12183283842,0.034753650659883506
12183283840,8569045566,0.0032184830798502335
8569045566,12183283840,0.0032184830798502335
8569045566,42431453,0.004043978779102759
42431453,8569045566,0.004043978779102759
42431453,8569045573,0.005366323407305987
8569045573,42431453,0.005366323407305987
8569045573,12183283839,0.0031110496493169586
12183283839,8569045573,0.0031110496493169586
12183283839,12183283837,0.03485497844855148
12183283837,12183283839,0.03485497844855148
12183283837,9507816951,0.0035636582076989934
9507816951,12183283837,0.0035636582076989934
9507816951,42434354,0.0040611052646238955
42434354,9507816951,0.0040611052646238955
42434354,9507816964,0.004681819659325594
9507816964,42434354,0.004681819659325594
9507816964,12183283836,0.00323120311044591
12183283836,9507816964,0.00323120311044591
12183283836,12183283833,0.0313366655782969
12183283833,12183283836,0.0313366655782969
12183283833,9679181049,0.0031084859705234097
9679181049,12183283833,0.0031084859705234097
9679181049,42434355,0.0043132649398680695
42434355,9679181049,0.0043132649398680695
427841071,12152867537,0.0013341732912992227
12152867537,427841071,0.0013341732912992227
12152867537,12152867536,0.0011195201213072944
12152867536,12152867537,0.0011195201213072944
12152867536,3788348149,0.0017538268862495414
3788348149,12152867536,0.0017538268862495414
3788348149,3788348147,0.0017769483951936703
3788348147,3788348149,0.0017769483951936703
3788348147,1701844762,0.002131393804429666
1701844762,3788348147,0.002131393804429666
1701844762,61274117,0.0022594635936830855
61274117,1701844762,0.0022594635936830855
61274117,3788348146,0.0023086164801503677
3788348146,61274117,0.0023086164801503677
3788348146,427841064,0.0023453879494893678
427841064,3788348146,0.0023453879494893678
427841064,427841065,0.0021426672655185308
427841065,427841064,0.0021426672655185308
427841065,427841066,0.0026044483998748065
427841066,427841065,0.0026044483998748065
427841066,12152867535,0.0026094023765313645
12152867535,427841066,0.0026094023765313645
12152867535,3788348145,0.0027244585843643723
3788348145,12152867535,0.0027244585843643723
3788348145,61274116,0.00214964810679406
61274116,3788348145,0.00214964810679406
61274116,11509842342,0.01193274163115318
11509842342,61274116,0.01193274163115318
11509842342,42434465,0.017301988718904003
42434465,11509842342,0.017301988718904003
42434800,10167162584,0.007019595613287792
10167162584,42434800,0.007019595613287792
10167162584,10167162589,0.05441703959267733
10167162589,10167162584,0.05441703959267733
10167162589,42428220,0.006777544793268505
42428220,10167162589,0.006777544793268505
42428220,10167162592,0.005155662788530708
10167162592,42428220,0.005155662788530708
10167162592,10168911614,0.11168716594565463
10168911614,10167162592,0.11168716594565463
10168911614,42430279,0.007856819866945797
42430279,10168911614,0.007856819866945797
358447541,8262309008,0.003653170096575122
8262309008,358447541,0.003653170096575122
8262309008,12152921362,0.009287922254186233
12152921362,8262309008,0.009287922254186233
12152921362,12152921361,0.0023566717938544026
12152921361,12152921362,0.0023566717938544026
12152921361,358447557,0.0022423838398515964
358447557,12152921361,0.0022423838398515964
358447557,12152921360,0.002209885402487117
12152921360,358447557,0.002209885402487117
12152921360,12152921359,0.0017412103515709162
12152921359,12152921360,0.0017412103515709162
12152921359,5122551879,0.0019063324937149155
5122551879,12152921359,0.0019063324937149155
5122551879,5122551878,0.004448207752052348
5122551878,5122551879,0.004448207752052348
5122551878,12152921358,0.002685326508363213
12152921358,5122551878,0.002685326508363213
12152921358,358447559,0.002190556885144544
358447559,12152921358,0.002190556885144544
358447559,12152921357,0.0023586763751410867
12152921357,358447559,0.0023586763751410867
12152921357,12152921356,0.002365185158680025
12152921356,12152921357,0.002365185158680025
12152921356,358447560,0.0025744009333851566
358447560,12152921356,0.0025744009333851566
358447560,12152921355,0.0026171341467953967
12152921355,358447560,0.0026171341467953967
12152921355,5122551884,0.0025774010760831086
5122551884,12152921355,0.0025774010760831086
5122551884,12152921354,0.0021853304965989786
12152921354,5122551884,0.0021853304965989786
12152921354,358447561,0.0024486595519545387
358447561,12152921354,0.0024486595519545387
358447561,12152921353,0.0023254724523469007
12152921353,358447561,0.0023254724523469007
12152921353,5122551888,0.0027309292214869763
5122551888,12152921353,0.0027309292214869763
5122551888,12152921352,0.002918080439542214
12152921352,5122551888,0.002918080439542214
12152921352,42434818,0.003195585628473301
42434818,12152921352,0.003195585628473301
42434818,4890040962,0.0024558694409512515
4890040962,42434818,0.0024558694409512515
4890040962,8262308987,0.0893756296071056
8262308987,4890040962,0.0893756296071056
8262308987,42434821,0.008099285235428437
42434821,8262308987,0.008099285235428437
406048768,5130933110,0.006863969819995163
5130933110,406048768,0.006863969819995163
5130933110,9076206578,0.01176852074145718
9076206578,5130933110,0.01176852074145718
4347550065,1792549686,0.013438629478759715
1792549686,4347550065,0.013438629478759715
42435497,9170796894,0.0027297439311056502
9170796894,42435497,0.0027297439311056502
9170796894,2238282386,0.002757079964064306
2238282386,9170796894,0.002757079964064306
2238282386,9906879199,0.003684022144075963
9906879199,2238282386,0.003684022144075963
9906879199,9906879198,0.003949160900235214
9906879198,9906879199,0.003949160900235214
9906879198,9906879197,0.03891189537440887
9906879197,9906879198,0.03891189537440887
9906879197,9906879196,0.013264819448081245
9906879196,9906879197,0.013264819448081245
11659009135,8002650346,0.02638279223422944
8002650346,11659009135,0.02638279223422944
8002650346,8429031609,0.04187524515565417
8429031609,8002650346,0.04187524515565417
8429031609,42436017,0.004407411352016922
42436017,8429031609,0.004407411352016922
42436017,8429031612,0.005417696061146385
8429031612,42436017,0.005417696061146385
8429031612,42436021,0.03693905032234205
42436021,8429031612,0.03693905032234205
42436021,11492239001,0.02754561966601826
11492239001,42436021,0.02754561966601826
11492239001,8250851267,0.0063347849435173055
8250851267,11492239001,0.0063347849435173055
8250851267,11660063353,0.009627820381756986
11660063353,8250851267,0.009627820381756986
42436316,3874650171,0.007662485878464291
3874650171,42436316,0.007662485878464291
3874650171,42436313,0.04734043812188244
42436313,3874650171,0.04734043812188244
42436313,12214442346,0.002052154937596499
12214442346,42436313,0.002052154937596499
12214442346,12416643515,7.013813890746886E-4
12416643515,12214442346,7.013813890746886E-4
12416643515,12214442348,0.00463958692083997
12214442348,12416643515,0.00463958692083997
12214442348,12214442350,0.005739074238976797
12214442350,12214442348,0.005739074238976797
12214442350,5837174092,0.02618458182007329
5837174092,12214442350,0.02618458182007329
5837174092,11489120592,0.0027650482480113584
11489120592,5837174092,0.0027650482480113584
11489120592,42436060,0.0028666722306606375
42436060,11489120592,0.0028666722306606375
4685465959,11040029961,0.007019102725762726
11040029961,4685465959,0.007019102725762726
11040029961,8262308681,0.022176784182163945
8262308681,11040029961,0.022176784182163945
8262308681,42429394,0.004739499740633561
42429394,8262308681,0.004739499740633561
42429394,8262308682,0.004714928525794521
8262308682,42429394,0.004714928525794521
8262308682,8262308641,0.03310798170238132
8262308641,8262308682,0.03310798170238132
8262308641,42436431,0.005146496057489789
42436431,8262308641,0.005146496057489789
42436411,1701921010,0.004630876718894643
1701921010,42436411,0.004630876718894643
1701921010,1412724864,0.0030069204496659934
1412724864,1701921010,0.0030069204496659934
1412724864,1412724863,0.0031015800659922282
1412724863,1412724864,0.0031015800659922282
1412724863,1412724862,0.003837650419127443
1412724862,1412724863,0.003837650419127443
1412724862,1701920959,0.004507334541424638
1701920959,1412724862,0.004507334541424638
1701920959,6211332478,0.00591446492648161
6211332478,1701920959,0.00591446492648161
6211332478,6211334202,0.004013649231021346
6211334202,6211332478,0.004013649231021346
8231348299,4918486946,0.054354135763166944
4918486946,8231348299,0.054354135763166944
4918486946,42436531,0.008097877426910155
42436531,4918486946,0.008097877426910155
42436567,4890333643,0.003349942035208947
4890333643,42436567,0.003349942035208947
4890333643,9988098416,0.0144871733265583
9988098416,4890333643,0.0144871733265583
9988098416,12517077482,0.03744752498557141
12517077482,9988098416,0.03744752498557141
12517077482,4890320315,0.0026165800060893576
4890320315,12517077482,0.0026165800060893576
4890320315,592484776,0.004072919882497838
592484776,4890320315,0.004072919882497838
42436575,10166167553,0.006204907839742621
10166167553,42436575,0.006204907839742621
10166167553,10166167528,0.08250380657137035
10166167528,10166167553,0.08250380657137035
10166167528,4597668029,0.005460842597656551
4597668029,10166167528,0.005460842597656551
42436793,8429053207,0.0036537868594816933
8429053207,42436793,0.0036537868594816933
8429053207,8429031591,0.09579182545700395
8429031591,8429053207,0.09579182545700395
8429031591,1692433932,0.004080615391876526
1692433932,8429031591,0.004080615391876526
42436763,8231935501,0.004903483362941717
8231935501,42436763,0.004903483362941717
8231935501,4387367047,0.0216505742314959
4387367047,8231935501,0.0216505742314959
4387367047,2477507992,0.026084108209488265
2477507992,4387367047,0.026084108209488265
2477507992,42436761,0.0019017080700083969
42436761,2477507992,0.0019017080700083969
42436761,11317570715,0.0015615845733832495
11317570715,42436761,0.0015615845733832495
11317570715,11317570716,0.0016181747923129175
11317570716,11317570715,0.0016181747923129175
11317570716,11317570714,0.0014216683192653948
11317570714,11317570716,0.0014216683192653948
11317570714,11317570713,0.0014315833720730555
11317570713,11317570714,0.0014315833720730555
11317570713,11317570717,0.0043891674002702755
11317570717,11317570713,0.0043891674002702755
11317570717,8304498342,0.004384796615266321
8304498342,11317570717,0.004384796615266321
8304498342,42430136,0.008032304032136393
42430136,8304498342,0.008032304032136393
42430187,5854302559,0.002307310073821141
5854302559,42430187,0.002307310073821141
5854302559,5854302556,0.0021929711924909895
5854302556,5854302559,0.0021929711924909895
5854302556,5854302554,0.002225616045818479
5854302554,5854302556,0.002225616045818479
5854302554,529556095,0.0021729088367231967
529556095,5854302554,0.0021729088367231967
529556095,42436844,0.03922193868872453
42436844,529556095,0.03922193868872453
42436844,8429015947,0.027245473980623575
8429015947,42436844,0.027245473980623575
8429015947,42436848,0.0019003777457067734
42436848,8429015947,0.0019003777457067734
42436911,7094731938,0.004851181294927364
7094731938,42436911,0.004851181294927364
7094731938,10122937140,0.08338363568379956
10122937140,7094731938,0.08338363568379956
10122937140,42436913,0.0065931272480643874
42436913,10122937140,0.0065931272480643874
42436913,10122937139,0.007536910196273218
10122937139,42436913,0.007536910196273218
10122937139,10122937135,0.0775766689934309
10122937135,10122937139,0.0775766689934309
10122937135,596776078,0.006318852189805624
596776078,10122937135,0.006318852189805624
596776078,42436914,0.010571881741711961
42436914,596776078,0.010571881741711961
42436914,10122937136,0.006576972019258065
10122937136,42436914,0.006576972019258065
10122937136,10122937125,0.07864276564145466
10122937125,10122937136,0.07864276564145466
10122937125,42436917,0.006549586225160269
42436917,10122937125,0.006549586225160269
42436917,10122937124,0.005920493989279343
10122937124,42436917,0.005920493989279343
10122937124,10122913415,0.0817943681961353
10122913415,10122937124,0.0817943681961353
10122913415,42436919,0.007958896190620011
42436919,10122913415,0.007958896190620011
42436919,10122913416,0.008637077347786647
10122913416,42436919,0.008637077347786647
10122913416,8250715773,0.11824744247367727
8250715773,10122913416,0.11824744247367727
8250715773,42436921,0.006501804542688002
42436921,8250715773,0.006501804542688002
42436921,6176390286,0.006286976243442808
6176390286,42436921,0.006286976243442808
6176390286,8250715767,0.0026696726084128528
8250715767,6176390286,0.0026696726084128528
8250715767,6689909664,0.12589906233919915
6689909664,8250715767,0.12589906233919915
6689909664,42436922,0.008589714631177274
42436922,6689909664,0.008589714631177274
42436922,6689909662,0.008089903644292767
6689909662,42436922,0.008089903644292767
6689909662,10122913412,0.11568154738450695
10122913412,6689909662,0.11568154738450695
10122913412,6689923792,0.0028915285361618627
6689923792,10122913412,0.0028915285361618627
6689923792,42428016,0.007171974468091841
42428016,6689923792,0.007171974468091841
42436949,5178498523,0.0350472112100508
5178498523,42436949,0.0350472112100508
5178498523,7145875534,0.006934813270444753
7145875534,5178498523,0.006934813270444753
7145875534,8309479476,0.023978520598225507
8309479476,7145875534,0.023978520598225507
8309479476,42436947,0.004741595238946645
42436947,8309479476,0.004741595238946645
5854302557,3891950555,0.00687048242973863
3891950555,5854302557,0.00687048242973863
3891950555,5854302560,0.002676282341096555
5854302560,3891950555,0.002676282341096555
5854302560,42436963,0.0023098507260364987
42436963,5854302560,0.0023098507260364987
42436963,5866337889,0.06501188771094348
5866337889,42436963,0.06501188771094348
5866337889,8309469088,0.0027040518451900606
8309469088,5866337889,0.0027040518451900606
8309469088,42431517,0.0029710726983275064
